00111100 00100001 01000100 01001111 01000011 01010100 01011001 01010000 01000101 00100000 01001000 01010100 01001101 01001100 00111110
00111100 01101000 01110100 01101101 01101100 00100000 01101100 01100001 01101110 01100111 00111101 00100010 01101000 01110101 00100010 00111110
00111100 01101000 01100101 01100001 01100100 00111110
    00111100 01101101 01100101 01110100 01100001 00100000 01100011 01101000 01100001 01110010 01110011 01100101 01110100 00111101 00100010 01010101 01010100 01000110 00101101 00111000 00100010 00111110
    00111100 01101100 01101001 01101110 01101011 00100000 01110010 01100101 01101100 00111101 00100010 01110011 01110100 01111001 01101100 01100101 01110011 01101000 01100101 01100101 01110100 00100010 01101000 01110010 01100101 01100110 00101010 00100010 01110011 01110100 01111001 01101100 01100101 00101110 01100011 01110011 01110011 00100010 00111110
    00111100 01110100 01101001 01101001 01101100 01100101 00111110 01000100 01101111 01100011 01110101 01101101 01100101 01100101 01110100 00111100 00101111 01110100 01101001 01101001 01101100 01100101 00111110
00111100 00101111 01101000 01100101 01100001 01100100 00111110
00111100 01100010 01101111 01100100 01111001 00111110
    00111100 01110100 01100101 01110100 01110011 01111010 01101111 01101100 01100101 01100111 01100101 01110011 00111110 01001100 01100101 01100111 01111001 01100101 01101110 00100000 01101001 01110100 01110100 00100000 01110110 01100001 01101100 01100001 01101101 01101001 00100000 01110011 01111010 01101111 01110110 01100101 01100111 00111100 00101111 01110100 01100101 01110100 01110011 01111010 01101111 01101100 01100101 01100111 01100101 01110011 00111110
00111100 00101111 01100010 01101111 01100100 01111001 00111110
00111100 00101111 01101000 01110100 01101101 01101100 00111110